C=[0,6725,29687,5382,16341,17923,16672,4712,8183,5737,6519,6286,9278,12655,22724,8047,3461,10851;5221,0,24573,2008,13889,12849,11598,9075,4318,1715,920,666,6837,7581,17609,5606,2462,8400;30874,25584,0,26092,18814,15225,15457,30712,23485,25774,25863,26324,22597,19009,7850,23181,26453,23184;5010,1031,26601,0,13254,14426,9023,8863,4258,1553,1646,593,5352,7166,19637,4122,2062,7765;15438,12695,18954,12025,0,17085,10725,16914,10608,11707,12489,12257,8530,8885,16421,9114,12385,7567;18318,13480,15057,13616,19526,0,5942,23030,11381,12932,13759,14355,13189,8674,7623,11958,17585,17454;16917,8545,16411,7888,8017,6348,0,16754,4998,7556,9324,8106,7460,3391,9447,6230,12495,9227;4253,10363,29896,11036,14413,22488,17236,0,14668,10704,11969,11254,8868,15396,22932,9508,7274,10940;9158,4804,21244,4700,10926,11779,5486,15938,0,3815,5186,4365,4072,3629,14280,2841,6211,3202;5243,1523,26012,784,12665,13814,9131,9096,4365,0,2137,1084,5460,7273,19048,4229,2295,7176;5918,1002,24649,1945,13826,12926,11675,9771,5106,1652,0,1362,6913,7657,17685,5683,3159,8337;5219,439,24706,1481,13363,12983,11731,9073,4451,1189,1053,0,6970,7714,17742,5739,2460,7874;8573,6018,23152,5361,9806,13059,10492,9105,3611,5029,6129,5579,0,8653,16189,2117,4662,2793;16232,7050,17367,6930,10614,8442,3213,16070,4244,6061,6417,6611,6503,0,10403,5272,8441,8542;23723,18432,7920,18941,18105,7182,8306,23561,16334,18623,18711,19172,15446,11858,0,16030,19301,16033;11608,4767,23345,4109,10624,11622,6939,10933,2173,3778,5796,4328,1858,5081,16381,0,5621,3305;3675,4455,27417,3137,14070,17316,16064,7529,5913,3466,6796,4016,5759,12047,20453,5777,0,8581;9805,7063,21325,6392,7978,15025,9903,10868,3429,6074,6857,6624,2897,6825,14361,3481,6753,0;];
